data/4/4_0.tsp 144833 65458 146 146
data/4/4_1.tsp 128957 59209 137 137
data/4/4_2.tsp 123875 57959 151 151
data/4/4_3.tsp 119541 55375 137 137
data/4/4_4.tsp 124250 59041 86 86
data/4/4_5.tsp 124167 58833 86 86
data/4/4_6.tsp 123917 58042 154 154
data/4/4_7.tsp 123250 61250 199 199
data/4/4_8.tsp 123916 56333 38 38
data/4/4_9.tsp 123541 112250 178 178
data/4/4_10.tsp 125667 57583 72 72
data/4/4_11.tsp 123958 56583 118 118
data/4/4_12.tsp 123208 55708 171 171
data/4/4_13.tsp 123875 58916 139 139
data/4/4_14.tsp 123208 56250 92 108
data/4/4_15.tsp 123750 61375 149 149
data/4/4_16.tsp 123500 51625 138 138
data/4/4_17.tsp 121375 52667 93 93
data/4/4_18.tsp 117041 60833 75 75
data/4/4_19.tsp 122833 56625 113 113
data/4/4_20.tsp 123416 57292 108 108
data/4/4_21.tsp 134416 76500 139 139
data/4/4_22.tsp 150458 60250 110 110
data/4/4_23.tsp 133375 55958 123 123
data/4/4_24.tsp 129749 62125 63 63
data/4/4_25.tsp 138708 58958 138 138
data/4/4_26.tsp 138874 61292 105 105
data/4/4_27.tsp 138291 110208 141 141
data/4/4_28.tsp 140291 59458 139 139
data/4/4_29.tsp 138083 55000 254 254
data/5/5_0.tsp 367832 142875 161 161
data/5/5_1.tsp 362916 135333 145 145
data/5/5_2.tsp 362915 134833 172 172
data/5/5_3.tsp 368291 133750 55 55
data/5/5_4.tsp 358957 135458 108 108
data/5/5_5.tsp 360332 137583 109 109
data/5/5_6.tsp 415499 134625 129 129
data/5/5_7.tsp 372082 133416 109 114
data/5/5_8.tsp 363249 134499 162 162
data/5/5_9.tsp 372832 137666 126 126
data/5/5_10.tsp 363499 131707 116 116
data/5/5_11.tsp 364957 135416 153 153
data/5/5_12.tsp 362998 132500 68 68
data/5/5_13.tsp 416623 133082 277 277
data/5/5_14.tsp 363999 136625 184 184
data/5/5_15.tsp 362999 135249 123 123
data/5/5_16.tsp 358457 134708 142 142
data/5/5_17.tsp 365041 133083 197 197
data/5/5_18.tsp 363499 137958 199 199
data/5/5_19.tsp 362499 134041 101 101
data/5/5_20.tsp 406415 131125 73 73
data/5/5_21.tsp 366166 133542 172 172
data/5/5_22.tsp 361457 134541 56 56
data/5/5_23.tsp 361999 132250 76 76
data/5/5_24.tsp 366207 132083 183 183
data/5/5_25.tsp 379374 134875 204 204
data/5/5_26.tsp 384416 136874 103 103
data/5/5_27.tsp 499624 135416 170 170
data/5/5_28.tsp 372665 132333 131 131
data/5/5_29.tsp 374791 131958 139 139
data/6/6_0.tsp 1044580 295207 201 201
data/6/6_1.tsp 1052038 310790 114 114
data/6/6_2.tsp 1051164 288791 166 166
data/6/6_3.tsp 1049080 279165 162 162
data/6/6_4.tsp 1075579 288374 133 133
data/6/6_5.tsp 1050330 281457 140 140
data/6/6_6.tsp 1045205 289124 207 215
data/6/6_7.tsp 1074747 287332 133 133
data/6/6_8.tsp 1050955 286541 155 155
data/6/6_9.tsp 1044830 279041 172 172
data/6/6_10.tsp 1073663 283332 121 121
data/6/6_11.tsp 1049622 287124 154 154
data/6/6_12.tsp 1046413 279791 157 157
data/6/6_13.tsp 1076288 333957 72 72
data/6/6_14.tsp 1123996 283207 129 129
data/6/6_15.tsp 1044997 284041 168 168
data/6/6_16.tsp 1064830 288290 217 218
data/6/6_17.tsp 1036788 285499 150 150
data/6/6_18.tsp 1050664 286957 96 96
data/6/6_19.tsp 1099580 287791 111 111
data/6/6_20.tsp 1050288 281666 147 147
data/6/6_21.tsp 1047871 328166 106 106
data/6/6_22.tsp 1083872 296665 83 89
data/6/6_23.tsp 1109663 288124 216 216
data/6/6_24.tsp 1073496 280957 167 167
data/6/6_25.tsp 1039913 288207 135 135
data/6/6_26.tsp 1053996 284708 115 115
data/6/6_27.tsp 1076246 282416 194 194
data/6/6_28.tsp 1057080 284916 70 70
data/6/6_29.tsp 1051205 282083 124 124
data/7/7_0.tsp 3050073 589081 194 194
data/7/7_1.tsp 3055031 591081 160 161
data/7/7_2.tsp 3090239 579790 154 154
data/7/7_3.tsp 3053406 577415 175 175
data/7/7_4.tsp 3060990 578706 135 135
data/7/7_5.tsp 3057073 582331 212 212
data/7/7_6.tsp 3169698 594081 92 92
data/7/7_7.tsp 3053073 580665 199 224
data/7/7_8.tsp 3063073 576165 141 141
data/7/7_9.tsp 3028406 616914 180 180
data/7/7_10.tsp 3044323 595623 171 184
data/7/7_11.tsp 3099365 573539 163 163
data/7/7_12.tsp 3027573 589123 116 116
data/7/7_13.tsp 3053698 578956 125 125
data/7/7_14.tsp 3056782 574539 147 148
data/7/7_15.tsp 3143282 576164 106 106
data/7/7_16.tsp 3054907 579748 124 124
data/7/7_17.tsp 3073323 572623 117 117
data/7/7_18.tsp 3049698 570248 122 122
data/7/7_19.tsp 3052114 571540 190 190
data/7/7_20.tsp 3094532 579707 150 150
data/7/7_21.tsp 3050657 571581 136 136
data/7/7_22.tsp 3074489 573748 133 133
data/7/7_23.tsp 3035906 647622 127 127
data/7/7_24.tsp 3164198 609664 127 152
data/7/7_25.tsp 3026906 575956 118 118
data/7/7_26.tsp 3088281 578498 85 85
data/7/7_27.tsp 3057198 590456 94 94
data/7/7_28.tsp 3082114 577831 114 114
data/7/7_29.tsp 3061615 584165 145 145
data/8/8_0.tsp 8597597 1098579 109 109
data/8/8_1.tsp 8691054 1043663 164 164
data/8/8_2.tsp 8632138 1083788 139 139
data/8/8_3.tsp 8603846 1053330 134 134
data/8/8_4.tsp 8709054 1085288 194 194
data/8/8_5.tsp 8649888 1050121 109 132
data/8/8_6.tsp 8636804 1032205 151 151
data/8/8_7.tsp 8627554 1088621 199 199
data/8/8_8.tsp 8766679 1051580 181 181
data/8/8_9.tsp 8680805 1063954 142 142
data/8/8_10.tsp 8579054 1057246 149 149
data/8/8_11.tsp 8742054 1093371 95 95
data/8/8_12.tsp 8649388 1050038 164 164
data/8/8_13.tsp 8646721 1040496 122 122
data/8/8_14.tsp 8651429 1049413 186 188
data/8/8_15.tsp 8727637 1038497 118 122
data/8/8_16.tsp 8845303 1078455 172 172
data/8/8_17.tsp 11572836 1456703 225 231
data/8/8_18.tsp 10577673 1075496 165 165
data/8/8_19.tsp 8925887 1127371 162 162
data/8/8_20.tsp 8867804 1047746 184 184
data/8/8_21.tsp 9173803 1141121 145 145
data/8/8_22.tsp 8733345 1116579 187 187
data/8/8_23.tsp 8645055 1073996 186 186
data/8/8_24.tsp 8984053 1064497 238 238
data/8/8_25.tsp 8736138 1092871 183 183
data/8/8_26.tsp 8645763 1045205 154 154
data/8/8_27.tsp 8731929 1062122 159 159
data/8/8_28.tsp 8753513 1055746 124 124
data/8/8_29.tsp 8667888 1062663 110 110
data/9/9_0.tsp 23910253 1828202 187 187
data/9/9_1.tsp 24000794 2449617 91 91
data/9/9_2.tsp 26482412 1869702 159 159
data/9/9_3.tsp 24289710 1785536 128 128
data/9/9_4.tsp 24006461 1881202 83 83
data/9/9_5.tsp 23981045 1778369 158 158
data/9/9_6.tsp 23821420 1767244 141 141
data/9/9_7.tsp 23990669 1833827 157 157
data/9/9_8.tsp 23983753 1789578 204 204
data/9/9_9.tsp 24107335 1794078 174 174
data/9/9_10.tsp 23870711 1933285 138 138
data/9/9_11.tsp 23868170 1828327 112 113
data/9/9_12.tsp 23953545 1807619 175 175
data/9/9_13.tsp 23922836 1809077 145 145
data/9/9_14.tsp 23963753 1855785 191 191
data/9/9_15.tsp 23833920 1795619 196 200
data/9/9_16.tsp 24034128 1785577 159 159
data/9/9_17.tsp 24054253 1824328 125 125
data/9/9_18.tsp 23971670 1780536 149 149
data/9/9_19.tsp 23855378 1770911 187 187
data/9/9_20.tsp 23976628 1806369 142 152
data/9/9_21.tsp 23900336 1820036 244 249
data/9/9_22.tsp 23913045 1786411 145 145
data/9/9_23.tsp 23817337 1775828 211 211
data/9/9_24.tsp 23953962 1815994 165 167
data/9/9_25.tsp 24047003 1770494 142 142
data/9/9_26.tsp 23976545 1827578 144 144
data/9/9_27.tsp 23795462 1953035 200 217
data/9/9_28.tsp 23883920 1782369 125 125
data/9/9_29.tsp 24059919 1806036 126 126
data/10/10_0.tsp 64583450 2909073 172 172
data/10/10_1.tsp 65419489 2952948 66 67
data/10/10_2.tsp 64891032 2932031 129 129
data/10/10_3.tsp 64629117 2912699 208 218
data/10/10_4.tsp 64748574 2949407 174 174
data/10/10_5.tsp 64747657 2912949 180 180
data/10/10_6.tsp 64718658 2928948 122 142
data/10/10_7.tsp 64668574 2919657 160 167
data/10/10_8.tsp 64618158 2863573 177 177
data/10/10_9.tsp 64942033 2967115 231 231
data/10/10_10.tsp 65832154 2924615 176 176
data/10/10_11.tsp 64987449 2987406 88 88
data/10/10_12.tsp 64670699 2940074 173 173
data/10/10_13.tsp 64733949 2877365 134 142
data/10/10_14.tsp 64740700 2889199 151 151
data/10/10_15.tsp 64851657 2973615 152 155
data/10/10_16.tsp 64940491 2926032 266 281
data/10/10_17.tsp 64741658 2897074 196 203
data/10/10_18.tsp 64590492 2922157 185 185
data/10/10_19.tsp 64681074 2930740 240 240
data/10/10_20.tsp 64730533 2923741 103 103
data/10/10_21.tsp 64587950 2925032 208 208
data/10/10_22.tsp 64689408 2953031 160 160
data/10/10_23.tsp 64624159 2927532 148 148
data/10/10_24.tsp 64876657 2955407 157 157
data/10/10_25.tsp 64654492 2944115 180 180
data/10/10_26.tsp 64792699 2898365 158 158
data/10/10_27.tsp 64844865 2916073 161 161
data/10/10_28.tsp 64600575 2924490 144 145
data/10/10_29.tsp 64619950 2916407 99 110
data/11/11_0.tsp 170117804 4784234 170 170
data/11/11_1.tsp 170391304 4698234 139 139
data/11/11_2.tsp 169831306 4707901 140 140
data/11/11_3.tsp 169810388 4669067 157 159
data/11/11_4.tsp 169539598 4744276 101 101
data/11/11_5.tsp 169806097 4645485 212 212
data/11/11_6.tsp 170483803 4641359 169 180
data/11/11_7.tsp 169928889 4763401 179 179
data/11/11_8.tsp 170321262 4648693 181 184
data/11/11_9.tsp 169393849 4678568 151 151
data/11/11_10.tsp 170157221 4679651 110 134
data/11/11_11.tsp 170645386 4701484 182 186
data/11/11_12.tsp 171667257 4746275 171 171
data/11/11_13.tsp 170581928 4654943 158 158
data/11/11_14.tsp 170325429 4652777 153 153
data/11/11_15.tsp 170475844 4644485 196 206
data/11/11_16.tsp 170608011 4632651 230 230
data/11/11_17.tsp 170664677 4969442 126 126
data/11/11_18.tsp 170125138 4662443 161 161
data/11/11_19.tsp 169661265 4665318 197 197
data/11/11_20.tsp 169834181 4627651 186 186
data/11/11_21.tsp 169946638 4646776 146 146
data/11/11_22.tsp 169673056 4650734 145 145
data/11/11_23.tsp 170263762 4685984 125 125
data/11/11_24.tsp 169841389 4601110 227 227
data/11/11_25.tsp 169943639 4743068 114 114
data/11/11_26.tsp 169711097 4560651 195 195
data/11/11_27.tsp 169809764 4618276 150 150
data/11/11_28.tsp 170591845 4995733 122 122
data/11/11_29.tsp 169940930 4733484 228 229
data/12/12_0.tsp 438870444 7755516 217 217
data/12/12_1.tsp 438188280 7780807 157 157
data/12/12_2.tsp 437677866 7749974 148 148
data/12/12_3.tsp 438044947 7735225 140 140
data/12/12_4.tsp 440504564 7827849 129 131
data/12/12_5.tsp 437440782 7822182 155 161
data/12/12_6.tsp 439890650 7727057 205 205
data/12/12_7.tsp 439249652 7791266 134 146
data/12/12_8.tsp 438802195 7701975 108 146
data/12/12_9.tsp 437540824 7750182 142 142
data/12/12_10.tsp 438557696 7730474 175 175
data/12/12_11.tsp 438314571 7763724 152 164
data/12/12_12.tsp 437788615 7809849 140 140
data/12/12_13.tsp 438589029 7825391 183 183
data/12/12_14.tsp 439735941 7673849 183 183
data/12/12_15.tsp 440556106 7720266 138 138
data/12/12_16.tsp 437389783 7758932 223 238
data/12/12_17.tsp 438933819 7792266 178 178
data/12/12_18.tsp 438356655 7798849 139 139
data/12/12_19.tsp 438629195 7660932 124 124
data/12/12_20.tsp 438495237 7740099 205 205
data/12/12_21.tsp 438752029 7864349 164 164
data/12/12_22.tsp 439753233 7736474 99 99
data/12/12_23.tsp 437533824 7873557 208 208
data/12/12_24.tsp 440706522 7973431 156 156
data/12/12_25.tsp 439128902 7688933 121 121
data/12/12_26.tsp 445139216 7706474 190 205
data/12/12_27.tsp 439545443 7785974 205 213
data/12/12_28.tsp 441307270 7787474 222 226
data/12/12_29.tsp 438422947 7694432 223 233
